# 景点数据存储格式: 序号 名称 简介 x坐标 y坐标
1 E栋 水木楼 50 750
2 D栋 材料楼 200 750
3 F栋 学术楼 350 750
4 C栋 机电楼 450 750
5 球场 打篮球的地方 200 600
6 A栋 1号教学楼 500 600
7 B栋 社科楼 650 650
8 操场 跑步踢足球的地方 0 500
9 G栋 理学楼 750 500
10 食堂 吃起来一般般的食堂 200 300
11 J栋 可以打羽毛球的活动中心 1050 250
12 T3栋 3号教学楼 950 200
13 H栋 学术权杖所在的主楼 1150 200
14 宿舍 荔园学生公寓 650 0
15 T4栋 4号教学楼 950 50
16 T5栋 5号教学楼 1100 50
17 T6栋 6号教学楼 1250 0
# 边数据存储格式: 起点 终点 权重
1 2 200
2 3 150
3 4 150
1 8 800
2 5 300
5 10 1100
8 10 800
4 6 250
6 10 1200
6 7 200
7 9 150
9 10 1600
10 14 1300
9 11 900
14 15 450
11 12 200
11 13 50
12 13 300
12 15 100
15 16 150
13 16 200
13 17 400
16 17 250